93
02
10
00
13
03
20
00
93
03
30
00
13
04
40
00
93
04
50
00
33
83
62
00
b3
03
63
40
33
04
74
00
b3
e4
64
00
b3
c4
64
00
b3
f4
64
00
b3
c4
14
00
b3
a4
14
00
b3
c4
14
40
b3
a4
64
00
b3
b4
64
00
93
82
62
00
13
03
73
00
93
e4
f4
00
93
c4
f4
00
93
f4
f4
00
93
d4
24
00
93
94
24
00
93
d4
24
40
93
a4
64
00
93
b4
64
00
23
20
00
00
23
22
50
00
23
24
60
00
03
25
00
00
83
25
40
00
03
26
80
00
63
80
64
00
63
a2
64
00
63
94
64
00
63
a6
64
00
63
b8
64
00
6f
00
00
01
63
a0
64
00
63
a2
64
00 
b3
83
32
02
b3
a3
32
02
b3
b3
32
02
b3
c3
32
02
b3
e3
32
02
b3
f3
32
02
b3
e3
62
02
b3
13
33
02
93
02
a0
00
13
03
30
00
b3
83
32
02
b3
e3
32
02
b3
e3
62
02
01
05
25
05
01
45
15
45
a1
06
ad
06
0d
80
11
84
31
88
89
8c
a9
9c
cd
89
9c
22
c2
02
45
0a
d4
14
40
b6
84
82
80
02
95
09
a0
11
e0
85
8e
09
c0
85
8e 